0.000000000000000000e+00 1.052220136610812240e+01 3.152399168874387314e+00
5.263157894736841813e-01 1.023355001988036150e+01 3.272859910585322663e+00
1.052631578947368363e+00 1.092881718048001716e+01 3.536631931892304070e+00
1.578947368421052655e+00 1.048809089799831540e+01 3.502290282186349302e+00
2.105263157894736725e+00 1.043978719126100962e+01 3.473221481473096173e+00
2.631578947368420796e+00 1.040069219097226672e+01 4.583704735443244083e+00
3.157894736842105310e+00 1.038538999954344177e+01 4.923865514489877526e+00
3.684210526315789380e+00 1.082980118892561094e+01 4.749064936561579131e+00
4.210526315789473450e+00 1.045174437542139145e+01 5.553978913415441809e+00
4.736842105263157521e+00 1.016078746578047109e+01 6.146304130234229390e+00
5.263157894736841591e+00 1.010223828751979447e+01 6.070777977752594978e+00
5.789473684210525661e+00 1.059938700697031599e+01 7.214401521902802372e+00
6.315789473684210620e+00 1.097894172650708988e+01 7.699488523108128923e+00
6.842105263157894690e+00 1.063288969030848463e+01 9.748969762115194726e+00
7.368421052631578760e+00 1.048996213661607335e+01 9.396955945912891295e+00
7.894736842105262831e+00 1.053800563247609645e+01 1.124194734471968360e+01
8.421052631578946901e+00 1.036691713170919016e+01 1.121430356185639532e+01
8.947368421052631859e+00 1.051385622076400850e+01 1.203454861005028498e+01
9.473684210526315042e+00 1.004225154242149465e+01 1.211379482114568873e+01
1.000000000000000000e+01 1.064815814371569402e+01 1.305222008226828834e+01